10000005
10000044
10000045
10000053
10000055
10000067
10000078
10000086
10000088
10000089
10000090
10000091
10000103
10000105
10000115
10000119
10000140
10000142
10000148
10000150
10000160
10000169
10000170
10000190
10000212
10000224
10000225
10000227
10000228
10000257
10000262
10000303
10000312
10000314
10000319
10000320
10000322
10000324
10000334
10000337
10000348
10000349
10000359
10000365
10000379
10000381
10000390
10000392
10000394
10000411
10000417
10000453
10000490
10000510
10000516
10000529
10000564
10000588
10000601
10000617
10000624
10000637
10000654
10000691
10000710
10000744
10000771
10000829
10000863
10000868
10000893
10000953
10000954
10000961
10000962
10000963
10000964
10001004
10001012
10001014
10001028
10001030
10001040
10001047
10001048
10001063
10001089
10001090
10001091
10001097
10001106
10001120
10001126
10001387
10001754
10001768
10001769
10001783
10001802
10001818
10001829
10001842
10001871
10002307
10002308
10002314
10002914
10004971
10005040
10005120
10005204
10005205
10005237
10005238
10005239
10005242
10005243
10005245
10005248
10005249
10005250
10005251
10005323
10005325
10005330
10005331
10005332
10005333
10005335
10005479
10005524
10005525
10005528
10005529
10005533
10005538
10005539
10005540
10005541
10005542
10005544
10005685
10005686
10005687
10005694
10006467
10006468
10006469
10006470
10006471
10006473
10006476
10006913
10006915
10006916
10006980
10006982
10006984
10006985
10006986
10006987
10006988
10006996
10006998
10006999
10007000
10007001
10007024
10007026
10007185
10007193
10007194
10007209
10007213
10007214
10007219
10007222
10007223
10007240
10007253
10007316
10007317
10007318
10007324
10007350
10007351
10007352
10008099
10008105
10008106
10008107
10008109
10008110
10008112
10008115
10008125
10008128
10008130
10008131
10008132
10008137
10008139
10008143
10008145
10008146
10008147
10008148
10008149
10008152
10008154
10008155
10008156
10008157
10008158
10008160
10008161
10008165
10008169
10008171
10008172
10008174
10008182
10008183
10008184
10008185
10008187
10008196
10008197
10008200
10008203
10008209
10008212
10008231
10008242
10008248
10008254
10008258
10008259
10008274
10008292
10008302
10008304
10008305
10008306
10008339
10008344
10008366
10008374
10008375
10009
10010
10032
10033
10034
10063
10064
10065
10066
10067
10068
10070
10071
10072
10073
10075
10077
10078
10079
10080
10081
10082
10083
10084
10085
10133
10489
10494
10497
10498
10499
10500
10505
10507
10508
10512
10513
10514
10515
10517
10519
10520
10523
10525
10526
10529
10530
10531
10534
10535
10539
10540
10542
10545
10547
10548
10551
10552
10554
10555
10556
10557
10558
10559
10560
10562
10563
10564
10565
10569
10570
10573
10574
10575
10576
10578
10583
10587
10592
10593
10594
10595
10596
10597
10598
10599
10600
10601
10603
10606
10607
10608
10610
10611
10612
10614
10615
10617
10618
10620
10621
10623
10624
10626
10628
10629
10630
10631
10632
10634
10636
10638
10639
10640
10641
10644
10646
10649
10651
10652
10653
10654
10655
10657
10658
10659
10660
10661
10662
10663
10665
10666
10668
10675
10680
10681
10682
10686
10687
10688
10690
10691
10696
10697
10698
10699
10700
10702
10704
10705
10713
10718
10720
10721
10723
10724
10731
10733
10734
10740
10744
10749
10750
10751
10752
10754
10756
10757
10758
10759
10760
10761
10762
10765
10766
10767
10769
10771
10772
10773
10774
10776
10778
10781
10786
10787
10789
10790
10793
10795
10798
10803
10814
10815
10820
10822
10827
10831
10833
10834
10838
10839
10840
10841
10842
10843
10844
10845
10847
10849
10857
10858
10864
10866
10870
10873
10879
10881
10882
10883
10884
10885
10891
10898
10903
10934
10949
10950
10951
11067
11074
11096
11136
11655
12863
1888
1889
1890
1892
1895
1896
1897
1904
1905
1906
1910
1915
1920
1921
1924
1925
1926
1928
1930
1931
1932
1939
1940
1941
1943
1945
1950
1955
1956
1957
1958
1959
1960
1962
1964
1969
1977
1978
1993
1995
1998
2009
2010
2011
2012
2013
2014
2016
2017
2020
2021
2022
2025
2026
2028
2033
2038
2039
2040
2041
2044
2045
2046
2047
2048
2049
2052
2054
2055
2059
2060
2061
2062
2063
2068
2069
2074
2075
2078
2079
2082
2085
2086
2087
2088
2091
2098
2099
2100
2101
2102
2103
2104
2109
2110
2111
2117
2120
2123
2124
2125
2128
2131
2132
2133
2134
2135
2136
2137
2139
2145
2146
2147
2148
2150
2151
2154
2155
2161
2164
2165
2167
2184
2188
2251
2252
2279
2283
2285
2286
2292
2294
2297
2300
2304
2305
2307
2308
2309
2310
2314
2316
2317
2322
2324
2325
2327
2329
2330
2331
2332
2333
2338
2339
2340
2341
2342
2343
2344
2351
2352
2355
2359
2360
2362
2363
2367
2368
2370
2377
2378
2379
2380
2381
2383
2384
2385
2386
2388
2390
2391
2392
2393
2394
2395
2396
2399
2401
2402
2403
2405
2406
2407
2408
2413
2414
2415
2418
2419
2420
2421
2422
2423
2424
2425
2426
2431
2432
2435
2436
2438
2440
2443
2444
2445
2446
2447
2448
2449
2450
2451
2452
2453
2454
2455
2456
2457
2458
2459
2460
2462
2464
2466
2467
2468
2469
2471
2472
2474
2476
2482
2483
2484
2486
2498
2499
2500
2501
2502
2504
2507
2510
2514
2517
2518
2529
2533
2536
2540
2541
2543
2544
2548
2549
2550
2559
2560
2561
2562
2564
2565
2566
2568
2580
2581
2586
2587
2588
2590
2591
2592
2593
2594
2595
2596
2597
2598
2599
2600
2601
2610
2613
2614
2615
2618
2620
2621
2622
2623
2624
2627
2629
2630
2631
2632
2634
2636
2637
2639
2641
2642
2643
2644
2645
2646
2647
2648
2650
2651
2652
2653
2655
2657
2659
2660
2661
2662
2663
2664
2665
2666
2667
2668
2669
2671
2672
2674
2675
2676
2679
2680
2681
2683
2686
2687
2688
2689
2691
2693
2694
2695
2697
2699
2700
2701
2702
2703
2704
2705
2706
2707
2709
2710
2711
2712
2713
2714
2717
2718
2719
2720
2721
2722
2723
2725
2726
2727
2729
2730
2731
2732
2733
2735
2736
2737
2738
2740
2741
2743
2744
2745
2746
2747
2748
2749
2751
2752
2753
2754
2755
2756
2757
2758
2759
2761
2762
2763
2764
2765
2766
2767
2768
2769
2770
2771
2774
2775
2776
2777
2778
2779
2780
2781
2782
2784
2785
2786
2787
2791
2792
2793
2794
2796
2797
2799
2800
2804
2805
2806
2807
2816
2817
2818
2819
2820
2821
2822
2824
2825
2826
2830
2833
2834
2837
2838
2839
2841
2842
2843
2845
2846
2852
2853
2859
2863
2864
2865
2866
2867
2870
2872
2873
2874
2875
2877
2878
2879
2881
2882
2883
2884
2889
2890
2893
2894
2896
2897
2898
2902
2903
2904
2906
2909
2913
2914
2915
2921
2922
2923
2927
2929
2930
2931
2932
2933
2934
2935
2936
2938
2939
2941
2942
2943
2945
2948
2949
2950
2951
2952
2953
2954
2955
2956
2957
2959
2961
2964
2965
2967
2968
2969
2972
2974
2975
2976
2978
2980
2981
2983
2984
2985
2986
2988
2989
2991
2992
2993
2994
2995
2996
2997
2998
3000
3001
3002
3003
3004
3007
3008
3009
3012
3013
3014
3015
3016
3017
3022
3023
3024
3029
3035
3036
3037
3038
3039
3043
3044
3050
3051
3052
3054
3057
3058
3059
3067
3070
3075
3076
3077
3081
3082
3087
3088
3089
3091
3094
3095
3096
3098
3099
3100
3103
3108
3109
3113
3114
3118
3122
3126
3127
3128
3129
3130
3132
3133
3137
3141
3142
3143
3144
3145
3146
3148
3149
3150
3151
3152
3154
3155
3156
3157
3168
3169
3172
3173
3174
3175
3178
3183
3184
3185
3187
3191
3192
3193
3195
3196
3197
3200
3201
3203
3211
3224
3228
3229
3230
3231
3235
3236
3237
3248
3250
3262
3263
3264
3268
3273
3274
3275
3276
3277
3280
3281
3283
3287
3291
3298
3299
3300
3301
3302
3303
3304
3305
3309
3311
3312
3318
3320
3321
3322
3323
3328
3332
3337
3338
3339
3340
3341
3342
3343
3344
3346
3347
3348
3349
3352
3353
3354
3355
3356
3357
3358
3359
3360
3361
3362
3363
3364
3365
3367
3370
3371
3373
3375
3377
3380
3381
3385
3386
3387
3392
3394
3395
3398
3399
3400
3401
3402
3414
3415
3416
3417
3419
3428
3429
3430
3432
3434
3435
3438
3439
3440
3448
3449
3451
3466
3469
3470
3483
3490
3491
3492
3494
3495
3496
3498
3499
3500
3501
3506
3511
3513
3515
3516
3521
3523
3524
3525
3546
3550
3552
3555
3557
3558
3564
3566
3568
3569
3573
3574
3575
3577
3579
3581
3582
3593
3596
3598
3599
3600
3601
3602
3603
3604
3605
3606
3608
3609
3610
3611
3612
3614
3615
3616
3617
3618
3619
3621
3622
3623
3624
3627
3628
3629
3630
3631
3633
3634
3635
3636
3637
3642
3643
3644
3648
3649
3653
3654
3655
3657
3658
3660
3661
3662
3663
3665
3668
3670
3671
3672
3674
3679
3680
3681
3683
3684
3685
3686
3688
3689
3691
3693
3694
3695
3696
3697
3699
3701
3704
3706
3709
3711
3712
3715
3718
3720
3722
3723
3728
3730
3732
3735
3736
3738
3741
3742
3744
3745
3746
3748
3752
3753
3756
3758
3759
3763
3764
3765
3766
3767
3769
3773
3778
3780
3781
3782
3783
3786
3787
3789
3792
3793
3797
3798
3801
3802
3804
3805
3810
3811
3818
3820
3828
3829
3833
3838
3840
3841
3842
3843
3844
3845
3846
3847
3848
3850
3852
3856
3857
3858
3861
3862
3864
3866
3867
3868
3869
3870
3871
3874
3875
3878
3880
3881
3882
3883
3884
3885
3888
3890
3895
3896
3900
3902
3906
3908
3910
3911
3913
3918
3921
3922
3925
3928
3930
3936
3939
3940
3941
3942
3944
3945
3948
3950
3951
3953
3958
3959
3965
3966
3968
3969
3970
3972
3973
3974
3975
3976
3977
3978
3979
3982
3983
3997
4000
4001
4002
4004
4005
4006
4007
4009
4010
4012
4014
4016
4019
4024
4025
4028
4035
4036
4037
4039
4041
4043
4044
4046
4047
4048
4049
4050
4055
4058
4059
4062
4063
4064
4065
4066
4067
4068
4069
4070
4072
4073
4074
4076
4077
4079
4080
4081
4082
4083
4084
4085
4086
4087
4088
4089
4090
4091
4092
4094
4095
4096
4100
4104
4105
4106
4107
4108
4109
4110
4111
4112
4113
4114
4115
4116
4117
4118
4123
4126
4127
4128
4129
4130
4133
4134
4136
4138
4141
4144
4145
4146
4148
4149
4150
4151
4152
4154
4155
4156
4157
4158
4159
4160
4161
4162
4163
4164
4165
4167
4169
4170
4172
4173
4174
4175
4176
4177
4178
4179
4180
4181
4183
4184
4190
4191
4192
4193
4194
4195
4197
4198
4199
4202
4203
4204
4208
4210
4211
4212
4213
4214
4215
4216
4217
4218
4219
4220
4221
4222
4224
4225
4227
4228
4229
4230
4231
4233
4234
4235
4236
4237
4238
4239
4240
4241
4242
4245
4246
4247
4249
4250
4251
4252
4255
4260
4262
4263
4265
4266
4267
4269
4270
4273
4274
4275
4277
4278
4279
4280
4282
4283
4288
4289
4290
4291
4292
4293
4297
4298
4299
4300
4301
4302
4303
4304
4309
4311
4313
4314
4316
4317
4318
4319
4320
4321
4322
4324
4326
4328
4329
4330
4331
4333
4334
4335
4336
4337
4338
4340
4341
4342
4343
4349
4350
4351
4352
4357
4358
4360
4361
4363
4364
4365
4366
4367
4368
4374
4375
4377
4378
4379
4380
4384
4387
4390
4391
4392
4393
4394
4396
4397
4399
4400
4401
4402
4403
4405
4406
4407
4408
4409
4410
4411
4413
4415
4416
4417
4418
4419
4420
4422
4424
4425
4427
4428
4429
4430
4431
4432
4433
4434
4435
4437
4438
4439
4440
4441
4443
4444
4447
4448
4450
4451
4452
4453
4454
4456
4463
4464
4465
4467
4468
4469
4470
4471
4472
4473
4474
4478
4479
4480
4483
4484
4486
4488
4489
4490
4491
4492
4493
4494
4496
4501
4503
4505
4508
4510
4511
4513
4514
4515
4516
4517
4519
4524
4525
4528
4529
4530
4531
4532
4533
4534
4535
4536
4537
4538
4539
4540
4542
4543
4544
4545
4546
4549
4550
4551
4552
4554
4555
4556
4557
4558
4559
4560
4561
4562
4563
4565
4567
4568
4570
4571
4573
4576
4580
4581
4582
4587
4588
4591
4593
4596
4597
4598
4600
4604
4605
4607
4608
4609
4610
4611
4612
4613
4614
4616
4618
4624
4626
4627
4628
4629
4630
4633
4634
4638
4644
4646
4647
4650
4651
4657
4658
4660
4661
4662
4664
4665
4669
4670
4679
4680
4681
4682
4684
4695
4696
4697
4700
4701
4702
4703
4707
4708
4710
4711
4712
4713
4717
4718
4720
4721
4723
4724
4725
4726
4735
4738
4750
4751
4753
4759
4762
4763
4766
4767
4768
4770
4771
4783
4785
4786
4787
4788
4790
4792
4793
4794
4796
4798
4803
4805
4818
4819
4820
4822
4823
4828
4829
4832
4843
4844
4846
4847
4848
4850
4851
4852
4854
4855
4856
4860
4861
4864
4867
4868
4872
4877
4878
4881
4883
4884
4885
4886
4890
4892
4893
4894
4895
4897
4898
4901
4902
4908
4928
4929
4931
4932
4933
4935
4936
4937
4938
4939
4943
4944
4954
4959
4962
4963
4970
4971
4972
4973
4975
4979
4980
4983
4988
5000
5002
5003
5004
5005
5007
5008
5013
5021
5035
5036
5038
5057
5059
5060
5064
5065
5066
5068
5069
5070
5071
5072
5073
5074
5075
5076
5077
5078
5079
5080
5082
5086
5087
5089
5093
5094
5099
5102
5104
5105
5107
5108
5111
5113
5114
5115
5116
5117
5118
5119
5122
5124
5125
5126
5127
5129
5130
5132
5138
5148
5149
5150
5158
5164
5165
5168
5169
5175
5176
5177
5178
5179
5180
5181
5182
5183
5184
5185
5186
5187
5191
5194
5196
5197
5198
5199
5202
5208
5209
5212
5213
5215
5217
5219
5220
5223
5224
5226
5227
5229
5230
5232
5233
5234
5236
5238
5240
5241
5242
5249
5251
5252
5253
5254
5255
5256
5257
5260
5262
5264
5265
5267
5268
5269
5270
5271
5272
5274
5276
5277
5283
5284
5285
5289
5291
5292
5295
5296
5298
5299
5300
5301
5302
5303
5305
5306
5307
5310
5313
5314
5315
5320
5321
5322
5323
5324
5325
5326
5327
5331
5333
5334
5335
5336
5337
5338
5339
5340
5343
5345
5348
5349
5351
5352
5353
5355
5356
5357
5359
5360
5361
5362
5363
5366
5372
5375
5379
5385
5387
5388
5389
5400
5402
5404
5405
5409
5410
5412
5413
5414
5416
5417
5421
5422
5423
5424
5425
5431
5432
5435
5437
5443
5446
5447
5448
5449
5451
5454
5455
5456
5458
5459
5460
5461
5462
5463
5464
5465
5468
5469
5473
5474
5475
5478
5479
5482
5485
5486
5487
5493
5494
5495
5497
5499
5504
5505
5509
5511
5513
5515
5517
5523
5524
5528
5530
5532
5534
5537
5539
5552
5553
5561
5563
5564
5566
5567
5568
5569
5570
5574
5575
5576
5581
5590
5591
5592
5594
5597
5598
5599
5600
5601
5602
5603
5608
5609
5610
5612
5613
5615
5617
5621
5624
5625
5626
5627
5630
5633
5634
5635
5640
5641
5643
5644
5645
5646
5647
5649
5650
5651
5652
5654
5655
5656
5658
5659
5660
5661
5662
5663
5664
5665
5666
5667
5668
5669
5670
5674
5675
5677
5678
5679
5681
5682
5683
5684
5685
5686
5687
5688
5689
5690
5691
5692
5693
5696
5698
5699
5700
5701
5702
5703
5704
5706
5707
5708
5709
5718
5719
5721
5724
5725
5726
5728
5729
5731
5735
5737
5738
5739
5740
5742
5745
5748
5750
5751
5755
5756
5759
5760
5761
5762
5764
5765
5769
5770
5771
5773
5774
5775
5776
5777
5778
5779
5780
5781
5782
5784
5785
5786
5787
5788
5789
5790
5796
5797
5798
5799
5800
5801
5803
5804
5807
5810
5811
5812
5813
5814
5815
5816
5817
5818
5819
5820
5821
5822
5823
5827
5828
5829
5830
5831
5832
5836
5838
5839
5840
5841
5842
5848
5849
5850
5851
5852
5853
5854
5855
5856
5857
5859
5860
5861
5862
5865
5866
5867
5869
5870
5874
5879
5880
5881
5882
5883
5884
5885
5886
5887
5891
5892
5893
5897
5902
5905
5906
5907
5909
5910
5911
5914
5915
5916
5917
5918
5919
5922
5924
5925
5926
5930
5933
5934
5935
5937
5946
5952
5953
5955
5957
5959
5960
5961
5963
5964
5965
5966
5968
5969
5970
5971
5973
5983
5984
5985
5986
5987
5992
6004
6005
6006
6007
6008
6011
6012
6014
6015
6016
6017
6018
6019
6024
6027
6035
6036
6037
6038
6043
6044
6045
6046
6050
6052
6053
6055
6056
6057
6058
6060
6061
6062
6063
6069
6071
6072
6073
6075
6078
6080
6081
6082
6084
6087
6090
6091
6092
6093
6097
6103
6106
6107
6108
6112
6113
6114
6115
6116
6117
6118
6119
6121
6123
6125
6127
6128
6130
6131
6132
6134
6136
6137
6141
6142
6144
6145
6147
6148
6154
6161
6163
6165
6166
6170
6171
6173
6174
6175
6177
6183
6184
6187
6188
6190
6191
6192
6193
6194
6195
6196
6198
6200
6201
6202
6203
6207
6210
6211
6213
6214
6215
6216
6217
6219
6220
6221
6222
6224
6225
6226
6227
6228
6229
6230
6232
6234
6238
6244
6246
6247
6248
6250
6253
6254
6262
6269
6270
6272
6273
6274
6276
6278
6280
6281
6282
6289
6290
6294
6295
6296
6297
6298
6302
6304
6305
6307
6308
6314
6320
6322
6324
6326
6328
6329
6330
6331
6334
6341
6342
6344
6346
6347
6348
6350
6351
6354
6355
6358
6359
6360
6365
6370
6372
6373
6374
6376
6377
6378
6379
6384
6391
6392
6393
6395
6399
6400
6401
6402
6405
6406
6407
6408
6409
6411
6420
6422
6424
6426
6427
6428
6429
6431
6433
6445
6447
6448
6449
6450
6451
6452
6453
6456
6457
6461
6464
6467
6470
6472
6473
6478
6479
6480
6481
6482
6483
6484
6485
6486
6488
6490
6491
6499
6503
6504
6505
6506
6507
6508
6510
6511
6517
6520
6523
6524
6526
6529
6537
6543
6544
6545
6548
6549
6550
6551
6552
6554
6556
6571
6572
6573
6574
6577
6578
6583
6586
6587
6589
6591
6600
6603
6604
6606
6607
6616
6618
6619
6620
6623
6625
6630
6631
6635
6654
6656
6661
6667
6670
6685
6686
6692
6693
6694
6695
6696
6697
6698
6707
6711
6716
6717
6722
6723
6724
6725
6726
6729
6730
6733
6735
6736
6737
6740
6751
6752
6753
6754
6755
6756
6758
6759
6762
6764
6765
6766
6767
6768
6769
6770
6771
6772
6773
6774
6775
6776
6777
6778
6779
6781
6788
6789
6790
6796
6797
6798
6799
6801
6813
6814
6826
6829
6830
6831
6832
6833
6834
6835
6837
6838
6839
6858
6859
6860
6862
6864
6865
6866
6867
6868
6869
6870
6871
6872
6875
6876
6877
6878
6879
6880
6881
6888
6889
6890
6892
6898
6900
6901
6902
6904
6906
6909
6911
6912
6919
6920
6925
6926
6927
6932
6933
6934
6935
6936
6937
6938
6939
6952
6955
6957
6958
6960
6963
6964
6965
6966
6968
6969
6973
6977
6983
6984
6985
6991
6992
6993
6995
6996
6998
6999
7000
7001
7003
7006
7007
7008
7009
7013
7014
7016
7017
7018
7019
7020
7024
7025
7026
7027
7029
7030
7031
7032
7033
7035
7044
7045
7046
7048
7050
7051
7053
7054
7056
7057
7058
7061
7062
7065
7067
7071
7072
7079
7081
7083
7086
7089
7093
7095
7096
7099
7103
7104
7109
7110
7112
7115
7116
7117
7118
7119
7124
7125
7127
7130
7133
7136
7137
7138
7140
7142
7143
7144
7146
7147
7149
7150
7151
7153
7154
7155
7156
7158
7159
7160
7161
7165
7166
7174
7181
7182
7185
7187
7195
7198
7200
7202
7203
7204
7205
7210
7211
7212
7213
7215
7216
7217
7222
7223
7224
7227
7229
7232
7234
7235
7236
7237
7239
7240
7244
7245
7246
7251
7252
7253
7254
7255
7256
7257
7258
7263
7264
7266
7267
7273
7274
7275
7276
7277
7283
7284
7285
7290
7291
7292
7293
7296
7297
7298
7299
7300
7301
7302
7304
7305
7313
7314
7318
7320
7321
7322
7323
7325
7326
7329
7330
7331
7333
7334
7336
7337
7343
7344
7345
7347
7348
7349
7352
7353
7354
7355
7356
7358
7359
7361
7362
7363
7364
7365
7366
7367
7371
7373
7374
7375
7377
7379
7380
7381
7382
7384
7386
7388
7389
7390
7391
7392
7393
7396
7397
7398
7399
7400
7401
7403
7407
7408
7410
7411
7413
7416
7419
7420
7424
7426
7427
7428
7429
7432
7433
7437
7438
7439
7440
7441
7442
7443
7444
7445
7446
7450
7451
7452
7453
7454
7455
7458
7459
7464
7465
7467
7468
7469
7470
7471
7472
7473
7474
7475
7476
7477
7479
7480
7481
7482
7483
7484
7485
7486
7487
7488
7489
7492
7493
7495
7496
7497
7498
7500
7501
7502
7503
7505
7507
7508
7509
7512
7513
7514
7515
7518
7519
7521
7522
7523
7525
7526
7528
7529
7530
7531
7532
7535
7536
7538
7539
7540
7541
7542
7543
7544
7545
7546
7547
7550
7551
7553
7554
7556
7557
7558
7560
7561
7563
7565
7566
7567
7569
7571
7572
7573
7574
7577
7578
7579
7580
7583
7584
7585
7586
7587
7588
7590
7592
7593
7597
7598
7599
7600
7602
7603
7604
7605
7606
7607
7608
7611
7612
7618
7619
7620
7621
7623
7629
7633
7634
7635
7636
7637
7638
7640
7643
7644
7645
7646
7652
7653
7655
7656
7657
7658
7659
7660
7662
7663
7664
7665
7666
7667
7668
7669
7670
7671
7679
7681
7682
7683
7684
7686
7687
7688
7689
7691
7692
7693
7694
7695
7696
7697
7698
7699
7700
7701
7707
7708
7711
7713
7714
7716
7718
7719
7720
7721
7723
7724
7727
7728
7730
7731
7734
7736
7737
7738
7739
7744
7747
7750
7751
7754
7755
7757
7759
7760
7761
7762
7765
7766
7767
7769
7772
7773
7774
7776
7780
7781
7783
7787
7789
7790
7791
7794
7795
7796
7797
7802
7803
7804
7805
7806
7807
7808
7809
7812
7815
7816
7823
7824
7825
7826
7827
7831
7834
7835
7836
7838
7843
7847
7849
7850
7851
7853
7854
7859
7860
7861
7863
7869
7873
7883
7886
7887
7888
7896
7899
7902
7904
7905
7909
7910
7911
7916
7917
7918
7926
7927
7931
7932
7933
7936
7941
7950
7952
7953
7956
7960
7962
7964
7965
7966
7967
7972
7980
7982
7983
7984
7988
7995
7996
7997
7998
7999
8000
8001
8003
8022
8025
8026
8027
8028
8029
8030
8031
8033
8036
8040
8042
8053
8054
8055
8056
8057
8058
8060
8066
8068
8069
8070
8071
8078
8084
8087
8090
8092
8093
8095
8098
8100
8109
8110
8111
8112
8120
8125
8126
8127
8137
8138
8139
8142
8143
8144
8145
8157
8160
8161
8162
8163
8164
8165
8166
8170
8171
8172
8174
8181
8182
8183
8184
8185
8186
8187
8190
8191
8192
8193
8195
8196
8198
8201
8205
8208
8209
8210
8211
8212
8213
8214
8215
8216
8217
8220
8221
8222
8223
8225
8226
8227
8228
8231
8232
8233
8235
8238
8240
8243
8244
8245
8246
8247
8248
8249
8250
8251
8253
8254
8255
8257
8261
8263
8264
8265
8266
8267
8268
8269
8270
8271
8272
8273
8274
8275
8276
8278
8279
8285
8287
8288
8289
8290
8291
8292
8293
8294
8295
8296
8297
8298
8299
8300
8301
8303
8305
8306
8307
8309
8310
8311
8313
8314
8315
8317
8318
8319
8323
8324
8325
8326
8327
8328
8329
8330
8331
8332
8333
8334
8335
8336
8337
8338
8339
8340
8341
8342
8343
8346
8348
8349
8351
8353
8354
8355
8356
8357
8358
8359
8360
8362
8363
8364
8365
8366
8367
8368
8369
8370
8371
8372
8373
8374
8375
8376
8377
8378
8379
8380
8381
8383
8384
8385
8386
8387
8389
8390
8391
8394
8395
8396
8399
8400
8401
8402
8403
8404
8405
8406
8407
8408
8409
8410
8411
8412
8413
8414
8415
8416
8417
8418
8420
8421
8422
8425
8426
8427
8430
8431
8435
8437
8438
8439
8440
8445
8447
8448
8449
8450
8453
8455
8456
8457
8458
8460
8461
8464
8466
8469
8471
8472
8474
8476
8477
8481
8484
8485
8486
8492
8493
8494
8495
8498
8500
8501
8503
8504
8505
8506
8507
8510
8512
8515
8516
8517
8521
8523
8524
8525
8526
8527
8528
8529
8531
8532
8536
8538
8540
8541
8542
8543
8544
8545
8546
8547
8548
8551
8553
8554
8555
8558
8560
8561
8562
8563
8564
8565
8566
8567
8569
8570
8571
8572
8574
8575
8577
8578
8580
8581
8582
8583
8584
8585
8588
8591
8593
8594
8595
8596
8597
8598
8601
8602
8604
8605
8606
8608
8609
8610
8611
8612
8613
8615
8616
8617
8618
8619
8620
8621
8622
8623
8624
8625
8626
8627
8628
8629
8630
8631
8633
8636
8637
8638
8639
8640
8641
8642
8644
8645
8646
8647
8648
8649
8650
8651
8653
8654
8656
8658
8659
8660
8661
8662
8663
8664
8665
8668
8670
8671
8672
8673
8674
8676
8677
8678
8679
8680
8681
8682
8683
8684
8685
8691
8692
8693
8694
8695
8696
8697
8698
8699
8701
8705
8706
8708
8709
8710
8711
8712
8713
8715
8717
8718
8719
8720
8721
8722
8723
8724
8726
8728
8729
8730
8734
8735
8736
8737
8740
8742
8743
8744
8745
8746
8747
8748
8750
8751
8752
8753
8754
8755
8756
8757
8759
8760
8761
8762
8763
8765
8768
8769
8770
8772
8773
8774
8775
8776
8777
8778
8782
8790
8791
8792
8793
8794
8795
8796
8797
8798
8800
8801
8803
8804
8808
8811
8812
8813
8814
8815
8817
8819
8820
8821
8822
8825
8826
8827
8828
8829
8830
8831
8833
8836
8837
8840
8841
8842
8848
8851
8852
8853
8854
8855
8856
8857
8858
8860
8862
8863
8866
8868
8871
8873
8875
8876
8877
8878
8879
8880
8884
8885
8886
8887
8888
8889
8890
8891
8892
8893
8894
8895
8896
8897
8898
8899
8901
8902
8904
8905
8906
8907
8908
8909
8911
8912
8913
8914
8915
8916
8917
8919
8920
8921
8925
8926
8927
8929
8931
8932
8933
8934
8935
8936
8937
8938
8939
8940
8941
8942
8943
8944
8946
8948
8949
8952
8954
8955
8956
8963
8965
8966
8967
8968
8971
8973
8974
8976
8977
8978
8981
8982
8983
8984
8985
8986
8987
8988
8989
8991
8992
8993
8994
8995
8996
8997
9002
9003
9004
9005
9006
9007
9008
9009
9010
9011
9012
9014
9015
9016
9017
9018
9019
9020
9021
9024
9025
9027
9029
9031
9032
9033
9037
9038
9039
9042
9043
9044
9045
9047
9048
9049
9051
9052
9053
9054
9057
9060
9061
9063
9064
9065
9066
9067
9068
9069
9071
9073
9074
9075
9076
9078
9079
9080
9082
9083
9084
9085
9086
9087
9089
9091
9093
9094
9095
9097
9098
9099
9101
9103
9105
9106
9108
9109
9110
9114
9116
9118
9119
9120
9121
9123
9124
9125
9128
9131
9132
9133
9134
9136
9141
9145
9146
9147
9148
9150
9151
9154
9155
9157
9164
9165
9166
9168
9169
9170
9171
9172
9175
9176
9177
9178
9179
9180
9181
9183
9185
9188
9189
9191
9192
9193
9194
9195
9196
9197
9198
9199
9200
9202
9204
9205
9206
9207
9208
9209
9210
9211
9212
9213
9214
9215
9218
9219
9220
9222
9223
9225
9226
9227
9228
9229
9230
9231
9232
9233
9234
9235
9236
9237
9238
9239
9240
9241
9242
9243
9244
9245
9246
9249
9250
9251
9252
9253
9254
9255
9256
9259
9260
9262
9264
9265
9267
9268
9269
9270
9271
9272
9273
9277
9278
9279
9280
9283
9284
9285
9286
9290
9291
9292
9294
9296
9299
9300
9302
9303
9304
9305
9307
9309
9311
9312
9313
9314
9318
9319
9320
9321
9323
9324
9325
9326
9329
9330
9332
9333
9334
9335
9336
9337
9338
9341
9342
9343
9344
9345
9346
9349
9350
9352
9353
9354
9355
9356
9357
9358
9359
9360
9361
9362
9363
9364
9365
9367
9369
9371
9373
9374
9375
9376
9377
9378
9379
9380
9381
9382
9383
9384
9385
9386
9388
9389
9390
9391
9392
9393
9395
9397
9398
9399
9400
9401
9402
9403
9404
9405
9406
9407
9408
9412
9413
9415
9416
9418
9420
9422
9423
9425
9426
9427
9429
9430
9431
9432
9433
9435
9441
9447
9450
9452
9453
9455
9456
9458
9459
9461
9463
9465
9466
9467
9468
9469
9471
9473
9474
9476
9478
9479
9480
9481
9482
9483
9484
9486
9487
9489
9490
9493
9494
9497
9498
9499
9501
9504
9505
9506
9508
9509
9510
9512
9513
9514
9515
9518
9519
9522
9524
9525
9526
9528
9530
9532
9535
9536
9537
9538
9539
9540
9541
9544
9545
9546
9549
9550
9551
9552
9553
9554
9555
9556
9557
9558
9559
9560
9561
9563
9564
9565
9566
9567
9568
9569
9570
9571
9573
9574
9575
9576
9577
9578
9579
9580
9581
9583
9584
9585
9586
9587
9589
9590
9592
9593
9594
9597
9598
9599
9601
9603
9605
9606
9609
9610
9611
9612
9613
9614
9616
9617
9618
9620
9622
9623
9625
9626
9627
9628
9629
9630
9631
9632
9634
9635
9637
9638
9639
9640
9641
9642
9643
9646
9647
9649
9652
9653
9654
9655
9656
9657
9660
9661
9662
9664
9665
9666
9669
9670
9671
9672
9673
9674
9675
9677
9678
9679
9680
9682
9683
9684
9687
9688
9690
9691
9692
9695
9697
9698
9699
9700
9701
9703
9704
9705
9706
9707
9708
9709
9713
9715
9716
9717
9719
9720
9721
9724
9725
9726
9727
9729
9731
9732
9733
9735
9736
9737
9738
9739
9740
9743
9745
9746
9748
9750
9751
9753
9754
9755
9757
9760
9761
9762
9767
9771
9775
9776
9777
9778
9779
9780
9782
9785
9790
9795
9804
9806
9807
9808
9809
9810
9811
9812
9814
9815
9816
9818
9819
9820
9821
9822
9823
9825
9826
9837
9839
9840
9844
9845
9846
9847
9848
9849
9850
9851
9854
9857
9858
9860
9861
9862
9863
9864
9867
9868
9874
9875
9879
9880
9881
9882
9884
9885
9886
9888
9890
9893
9894
9895
9896
9899
9903
9904
9948
2840
2880
2795
2891
10074
3125
10007195
8239
3471
3497
2350
10069
1954
2284
1990
1952
1911
4287
4315
4585
4209
4339
4477
4248
4497
4632
4348
4264
3729
3830
3567
10005545
3664
3447
3182
3232
3005
3018
5873
5890
6013
6570
6009
6206
5967
5717
5889
5657
6074
6051
6245
6049
6212
5294
6133
5293
6124
5195
6135
5347
5067
5045
4977
4842
4572
4961
4243
7549
7562
7537
7837
7609
7818
7709
7431
7052
7685
7651
7800
7218
6863
7885
7898
7799
6718
6522
6487
6489
6323
6303
6259
6143
5903
10000508
10000509
8738
8733
8838
8727
8689
8716
9100
8632
10000222
8859
8549
10000221
8511
9000
8302
8568
8230
8207
10000030
8169
7779
7752
10001187
9752
9667
9838
9689
9891
9604
9855
9615
9301
9859
10000965
10000892
9600
9460
10000916
9394
10249
10000887
9203
10000886
9224
9856
10000814
10000788
10000714
9293
9295
9112
9040
9026
8957
10739
11041
10622
10725
10854
10952
10528
10862
10001749
10491
10550
10581
10584
10001792
10504
10509
10485
10496
10474
10478
10495
10582
10479
10480
10473
10481
10590
10836
10490
10001757
10472
10506
10462
10503
10459
10461
10445
10001823
10001722
10001731
10435
10436
10451
10001717
10429
10434
10449
10428
10001728
10001727
10421
10929
10001697
10001699
10390
10374
10388
10389
10001682
10386
10405
10364
10372
10378
10400
10404
10001663
10458
10877
10401
10001649
10001690
10358
10359
10361
10362
10577
10344
10352
10355
10411
10346
10360
10819
10345
10363
10376
10342
10349
10368
10384
10853
10319
10320
10321
10414
10324
10325
10326
10382
10609
10738
10001609
10327
10588
10328
10331
10350
10318
10329
10308
10332
10333
10334
10409
10878
10315
10335
10379
10336
10337
10338
10351
10369
10792
10859
10861
10001626
10339
10412
10304
10309
10316
10340
10341
10383
10396
10851
10001643
10307
10269
10276
10282
10306
10394
10413
10418
10880
10274
10275
10280
10281
10283
10284
10295
10297
10310
10397
10399
10417
10419
10420
10589
10271
10272
10273
10277
10365
10395
10406
10685
10285
10296
10415
10816
10299
10001580
10260
10265
10001596
10262
10264
10268
10257
10258
10001575
10244
10246
10251
10253
10255
10279
10294
10393
10416
10572
10001574
10242
10408
10933
10250
10381
10236
10239
10266
10231
10238
10240
10241
10252
10254
10256
10263
10270
10312
10448
10001564
10001642
10221
10261
10300
10222
10228
10232
10248
10293
10385
10997
10217
10219
10278
10347
10736
10824
10216
10220
10227
10237
10287
10291
10223
10317
10850
10205
10208
10215
10983
10207
10001546
10218
10190
10192
10195
10198
10210
10233
10209
10213
10288
10852
10447
10984
10182
10199
10211
10186
10001556
10175
10185
10188
10234
10174
10183
10187
10289
10001517
10166
10167
10168
10171
10173
10176
10180
10197
10206
10170
10178
10301
10486
10158
10159
10179
10164
10001536
10152
10150
10151
10161
10189
10146
10157
10145
10148
10139
10147
10142
10144
10137
10143
10134
10135
10138
10001456
10125
10001641
10001443
10112
10001462
10111
10230
10001461
10108
10001414
10001460
10001399
10001468
10044
10001854
10001467
10001276
10160
10470
10407
10117
10119
10116
10130
10113
10118
10100
10110
10099
10001449
10098
10126
10095
10088
10701
10087
10131
10002752
10121
10114
10055
10056
10052
10058
10059
10050
10057
10051
10093
10123
10053
10115
10040
10042
10043
10045
10062
10049
10041
10054
10037
10101
10036
10092
10038
10001349
10031
10030
10001351
10001337
10029
10930
10120
10001328
10046
10013
10014
10003
10021
11015
10004
10122
10000
10028
9998
10001299
10001311
10001293
9997
10002
10027
10094
9993
10001268
10012
9994
10932
10020
9995
9982
10001257
9983
9981
9980
9979
9977
9976
9987
9978
10019
9988
9990
9965
9970
10001260
9992
9996
9985
9966
9964
9967
9963
9962
9991
9989
9969
10001255
10023
9958
9953
9957
9968
10001216
9951
9960
9975
9947
9946
9940
9939
9938
9971
10001214
9974
9972
10128
9933
10001213
10001198
9931
9935
9934
9929
9918
9942
9921
10061
9914
9915
10008
9913
9911
9916
9909
9912
9956
9910
9892
9973
9887
9870
9872
10011
9830
9833
9817
9873
9834
9835
9744
9836
9728
9681
9841
9633
9624
9588
9648
10001099
9547
9500
10001078
11815
11862
11813
11816
10002274
11807
10002269
10002270
11863
11861
11798
11795
11806
11791
11764
11822
11747
11745
11754
11753
11730
11716
11734
11717
11705
11739
11718
11704
11852
11829
11715
11693
11772
11758
11706
11740
11695
11694
11869
11709
11711
11710
11697
11683
11679
11768
11851
11698
11733
11708
10002262
11725
11678
11685
11741
11721
11699
11668
11669
11666
11667
11665
11659
11681
11670
11720
11662
11658
11820
11805
11661
11765
11675
11692
11785
11653
11672
11722
11729
11811
11663
11646
11647
11657
11700
11676
11686
11645
11648
11649
11809
11664
11687
11641
11671
11640
11799
11689
11644
11834
11638
11643
11632
11868
11835
11631
11777
11624
11773
11701
11625
11627
11628
11626
11620
11619
11618
11703
10002246
11784
11635
10002243
10002242
11622
11611
11615
11723
10002241
11623
11613
11890
11621
11590
11604
11588
11592
11600
11595
11597
11605
10002238
11598
11594
11603
11602
11637
11587
11760
11585
11580
11579
11850
11576
11573
11577
11570
11569
11804
11858
11737
11568
11561
11880
11558
11562
11563
11555
11557
11539
11560
11783
11584
11581
11566
11533
11532
11545
11556
11742
11544
11549
11531
11534
11606
11571
11559
11871
11536
11529
11523
11538
11524
11515
11528
11782
11552
11520
11845
11509
11543
11508
11505
11506
11572
11521
11500
11495
11490
10002201
11497
11489
11779
11488
11494
11477
11481
11482
11473
11478
11475
11463
11456
11466
11452
11443
11453
10002180
11484
11441
11442
11496
11436
11431
11432
11429
11424
11428
10002177
11430
11423
11404
11396
11384
11414
11382
11383
11375
11380
11378
11374
11445
11402
11395
11377
11450
11369
11364
11413
11407
11366
11368
11350
10002146
11408
10002137
11337
11347
11348
11371
11370
11328
11323
11331
11346
11316
11313
11304
11303
11325
11302
11367
10002136
10002138
11553
11297
11294
11298
11299
11329
11296
11332
11295
11292
11291
11293
11341
11281
11283
11282
11274
11279
11277
11275
11285
11268
11272
11267
11278
11327
11273
11261
11276
11388
11264
11400
11290
11242
11357
11240
11470
11289
11440
11236
11237
11238
11271
11263
11262
11250
11256
11260
11460
11311
11229
11372
11360
11235
11232
11230
11228
11231
11247
11244
11358
11356
11245
11233
11225
11219
11222
11226
11218
11548
11326
11270
11254
11257
11389
11345
11259
11216
11210
11213
11221
11352
11209
11208
11214
11205
11203
11211
11223
11204
11201
11324
11200
11197
11202
11354
11198
11189
11195
11206
11220
11187
11183
11172
11181
11252
11182
11168
11170
11179
11166
11199
11258
11165
11251
11177
11151
11175
11158
11160
11148
11159
11156
11155
11194
11152
11253
11157
11149
11133
11173
11154
11129
11132
11125
11127
11119
11146
11118
11115
11163
11130
11134
11120
11114
11112
11105
11104
11116
11117
11107
11100
11097
11101
11098
11102
11106
11192
11094
11093
11092
11085
11084
11082
11083
11080
11038
10002302
10002051
10979
10002032
10002267
11126
11037
11035
11069
11034
11033
11040
11027
11031
10002068
11028
11026
11021
11030
11024
11011
11032
11014
11018
11012
11008
11013
11005
11025
11022
10002019
11002
10999
11891
11000
11016
10995
10993
10996
10988
11007
11003
10985
10001960
10992
10998
10989
10987
10973
10972
10974
10970
10976
10978
10969
10994
10977
10961
11009
10966
10957
10958
10963
10964
10955
10960
10975
10971
10953
10946
10948
10947
10962
10945
10942
10982
10937
10940
11006
10926
10917
10919
10918
10916
10924
10914
10910
10911
10981
10909
10906
10913
10904
10980
10907
10908
10899
10897
10901
10896
10959
10923
10936
10863
10865
10825
10826
10860
10828
10794
10770
10777
10763
10741
10001830
10886
10835
10667
10768
10656
10722
10689
10002310
10002312
10832
10518
10848
10001759
10002311
10591
10493
10001758
10450
12756
12788
12730
12740
10002837
10002839
12721
12723
12731
10002834
10002833
12720
12699
12757
10002825
12684
12669
12678
12680
10002820
12667
12668
12681
12782
12783
12810
12686
12688
12744
12761
12656
12660
12661
12743
12747
12650
12652
12653
12657
12664
12675
12676
12742
12648
12734
12638
12698
12633
12641
12671
12689
12695
12634
12637
12639
12642
12672
12706
12649
12682
12621
12626
12629
12655
12622
12640
12620
12727
12609
12618
12619
12627
12729
10002864
12608
12617
12623
12631
12643
12644
12604
12615
12610
12611
12600
12601
12602
12603
12616
12596
12780
12592
12728
12769
12811
12584
12589
12605
12625
12817
12587
12607
12645
12583
12585
12586
12590
12569
12572
12591
12556
12564
12570
12748
12574
12614
12549
12550
12553
12558
12559
12606
12765
12551
12746
12548
12579
12527
12533
12594
12528
12539
12540
12544
12522
12541
12768
12512
12532
12538
12546
12580
12597
12514
12516
12517
12524
12530
12547
12770
12523
12501
12502
12505
12529
12554
10002767
10002770
10002783
10002787
12499
12503
12507
12513
12519
12520
12777
12526
12537
10002822
12490
12489
12491
12493
12506
10002766
12485
12495
12576
12479
12480
12508
12477
12482
12481
12488
12497
12478
12561
12472
12469
12456
12464
12487
12449
12461
12431
12466
12407
12483
10002727
12396
12409
12392
12386
12395
12398
12400
12381
10002723
12385
12419
12371
12363
12421
10002819
12352
10002717
12351
12361
12375
12348
12340
12350
12365
12354
12334
12408
12577
10002692
12323
12324
12326
12465
12319
12338
12383
12436
12345
12307
12311
12336
12413
10002670
12284
12288
12280
12281
12283
12342
12275
12276
12362
12406
12429
12246
12247
12248
12277
12278
12279
12297
12349
12226
12228
12229
12230
12263
12292
12341
12344
12223
12224
12225
12268
12269
12293
12374
12428
12430
12444
10002653
12213
12214
12215
12218
12219
12220
12221
12222
12264
12265
12266
12335
10002691
12196
12262
12301
12355
12448
12198
12424
12437
10002649
12195
12199
12240
12258
12303
12242
10002748
12190
12191
12192
12193
12194
12200
12257
12304
12417
12595
12807
12179
12180
12181
12182
12184
12253
12255
12373
12389
10002638
12173
12185
12186
12251
12252
12566
12805
12156
12169
12176
12177
12188
12233
12250
10002650
12157
12172
12295
12152
12160
12163
12178
12208
12234
12154
12155
12161
12170
12294
12147
12209
12236
12346
12416
12136
12137
12140
12144
12148
12149
12158
12166
12203
12205
12414
12422
12443
12445
12127
12133
12141
12142
12143
12171
12204
12202
12427
12471
12121
12118
12123
12126
12134
12135
12138
12162
12241
12120
12122
12112
12113
12115
12117
12130
12131
12237
12239
12300
12343
12165
12167
12174
12372
12440
10002606
12175
12091
12100
12105
12099
12083
12084
12086
12087
12089
12094
12096
12139
12075
12082
12072
12073
12074
12085
12090
12101
12210
12356
12470
10002595
12070
12095
12097
12107
12116
12438
12058
12060
12111
12235
12125
12055
12051
12079
12098
12036
12043
12046
12053
12065
12081
12231
12302
10002707
12035
12047
12059
12029
12061
12063
12068
12016
12018
12023
12028
12014
12010
12012
12013
12020
12027
12030
12007
12011
12025
12040
12080
12005
12008
12022
12033
12004
12006
11994
11999
12001
11989
11992
11995
12000
12002
12088
11984
11980
11983
11988
11976
11955
10002814
12384
10002676
12254
12567
10002846
10002750
10002565
12019
11993
10002560
11985
11987
11982
11968
11972
11967
11965
11969
11964
11961
11971
11959
11958
11960
12452
11949
11946
11952
11945
11941
11940
11947
11944
11934
11932
11942
11933
11931
11930
11929
11927
11926
11925
11923
11924
11922
11920
11904
11900
11887
11886
11901
11902
11889
11888
11884
12764
12453
11881
12460
11878
11885
11909
11870
12296
11848
11828
11810
11792
11748
11755
11707
11660
11673
10002301
10002265
11550
10002202
10002178
11379
10003961
10003981
10003895
10003957
10003881
10003867
10003915
10003849
10003868
10003878
10003937
10003838
10003835
10003852
10003886
10003931
10003967
10003834
10003823
10003830
10003839
10003813
10003816
10003819
10003809
10003810
10003898
10003804
10003798
10003803
10003862
10003782
10003784
10003787
10003859
10003770
10003783
10003786
10003788
10003805
10003808
10003932
10003755
10003756
10003758
10003892
10003974
10003757
10003751
10003841
10003744
10003761
10003762
10003790
10003774
10003802
10003847
10003766
10003794
10003817
10003733
10003737
10003746
10003800
10003853
10003717
10003750
10003858
10003716
10003726
10003729
10003735
10003718
10003734
10003736
10003738
10003752
10003765
10003767
10003776
10003826
10003877
10003712
10003748
10003711
10003970
10003710
10003715
10003799
10003930
10003986
10003697
10003728
10003908
10003692
10003693
10003699
10003873
10003682
10003684
10003706
10003720
12998
10003659
12996
10003657
10003664
10003672
10003690
10003938
13000
10003658
10003864
10003739
10003694
10003792
10003904
10003954
12993
10003704
10003818
10003963
12987
10003631
10003635
10003679
10003948
10003622
10003629
10003634
10003656
10003876
10003906
10003987
12985
10003641
12984
10003700
10003745
12986
12988
12990
10003613
10003628
10003633
10003723
10003797
10003912
12989
10003642
12979
10003602
10003605
10003615
10003596
10003603
10003654
10003916
10003590
10003594
10003589
10003624
10003775
10003601
12977
12975
10003591
10003567
10003561
10003583
10003553
10003575
10003552
10003546
10003545
12983
10003539
10003528
12972
10003506
12967
12968
10003492
10003522
10003524
10003497
10003462
12962
10003442
10003443
10003421
12960
12965
10003411
12963
10003406
10003416
12953
12952
10003385
10003396
10003428
10003444
10003414
10003558
10003966
12956
12958
10003417
10003563
10003370
12944
10003361
12942
12945
10003351
10003364
10003366
10003378
10003380
10003408
10003791
10004338
12941
12959
12964
10003347
10003363
10003386
10003407
10003436
10003866
10004085
10003481
10003871
10003334
10003402
12948
12936
12938
12943
10003355
12935
10003381
10003410
10003902
12933
12955
10003330
10003356
10003899
10003975
12939
10003311
10003315
10003316
10003317
10003324
12931
12932
12934
10003309
10003338
10003340
10003384
12940
10003281
10003319
10003344
10003372
10003452
10003502
10003969
12925
12926
10003282
10003283
10003314
10003345
10003448
10003928
12922
12946
10003445
10003277
10003313
12918
12919
12920
10003375
12921
12923
10003401
12911
12924
12916
10003246
10003250
10003254
10003383
10003400
10003501
10003663
12912
12917
12928
10003245
10003399
12966
10003239
10003247
12903
12904
12906
12908
12909
12910
12969
10003227
10003260
12902
12907
12913
12927
12899
12905
10003253
10003261
10004336
10003267
10003221
12893
12898
10003207
10003210
10003232
12900
10003218
10003219
10003329
10003458
12890
12896
12897
10003201
10003204
10003206
10003209
10003236
10003252
12891
10003197
10003198
12915
10003199
10003191
10003205
12886
12887
12889
10003188
10003190
10003200
10003464
12888
10003259
10003178
10003179
10003194
10003978
10003165
10003192
10003163
10003870
10003157
10003162
10003346
12884
10003172
10003132
10003118
12880
12937
12901
10003089
12879
10003090
12878
10003040
10003039
10003033
10003029
10003027
10003038
12876
12881
10004346
10003093
10004008
10003016
10003025
12874
10003024
12873
10003004
10003000
12875
12872
10002985
12870
10003003
12868
10002979
10003905
12867
10002980
10002964
10003002
10002963
10002972
12871
10002955
10002956
10002990
12864
12858
12860
12856
10002951
10002937
12854
12866
10002922
10002915
12851
12865
10002904
10002902
12845
12844
10002924
10003001
12840
12838
12841
12837
12847
12843
12835
12834
10002880
12832
12814
12819
12806
12799
12801
12808
12795
12792
12794
12798
12797
12781
12816
12758
12759
12773
10002836
12722
12733
12745
12673
12707
10002809
10002807
12557
12575
12552
12578
12534
10002773
12771
12500
12387
12364
10005418
10005469
10005414
10005362
10005422
10005391
10005339
10005321
10005338
10005347
10005305
10005348
10005364
10005296
10005304
10005303
10005290
10005318
10005288
10005302
10005381
10005417
10005280
10005287
10005283
10005284
10005295
10005306
10005273
10005274
10005285
10005571
10005286
10005267
10005269
10005377
10005289
10005246
10005253
10005254
10005264
10005263
10005262
10005352
10005346
10005568
10005345
10005344
10005231
10005272
10005230
10005275
10005307
10005219
10005197
10005210
10005202
10005209
10005224
10005213
10005317
10005369
10005226
10005294
10005278
10005185
10005218
10005365
10005190
10005186
10005184
10005182
10005416
10005183
10005171
10005223
10005405
10005221
10005214
10005157
10005166
10005258
10005144
10005137
10005404
10005630
10005135
10005126
10005138
10005130
10005174
10005122
10005103
10005107
10005132
10005177
10005271
10005094
10005468
10005078
10005092
10005093
10005074
10005156
10005081
10005066
10005077
10005065
10005110
10005279
10005301
10005062
10005057
10005188
10005082
10005032
10005030
10005031
10005051
10005052
10005024
10005104
10005481
10005392
10005026
10005013
10005010
10005015
10005012
10005014
10005018
10005027
10005009
10005049
10005028
10005058
10005059
10005167
10005108
10005008
10005217
10005001
10005033
10005000
10005034
10004988
10005080
10004992
10004983
10004994
10004982
10005195
10004979
10004975
10004980
10004991
10004938
10004937
10004934
10004929
10004915
10004914
10004922
10004888
10004882
10004866
10004845
10004835
10004842
10004843
10004874
10004810
10004830
10004809
10004828
10004781
10004893
10004768
10004772
10004791
10004795
10004760
10004802
10004747
10004749
10004742
10004824
10004761
10004709
10004730
10004732
10004727
10004724
10004847
10004715
10004739
10004706
10004721
10004746
10004926
10004719
10004850
10004708
10005389
10004704
10004703
10004857
10004780
10004720
10004831
10004695
10004696
10004699
10004701
10004700
10004735
10004744
10004685
10004684
10004697
10004686
10004690
10004673
10004689
10004679
10004683
10004677
10004694
10004676
10004717
10004657
10004656
10005413
10005483
10004668
10004644
10004665
10004664
10004663
10004652
10004678
10004658
10004738
10004741
10005403
10004655
10004625
10004633
10004647
10004626
10004634
10004660
10004628
10004627
10004632
10004624
10004881
10004605
10004635
10004654
10005430
10004602
10004763
10004687
10005484
10004594
10004590
10004593
10004856
10004680
10004569
10004568
10004597
10004595
10004600
10004565
10004589
10004567
10004604
10004811
10004766
10004630
10004745
10004582
10004552
10004849
10004823
10004558
10004560
10004559
10004551
10004550
10004713
10004554
10004546
10004851
10004572
10004547
10004535
10004556
10004518
10004500
10004494
10004488
10004499
10004526
10004493
10004501
10004486
10004489
10004532
10004497
10004521
10004485
10004463
10005387
10004549
10004496
10004471
10004461
10004470
10004592
10005589
10005394
10004570
10004527
10004523
10004458
10004457
10004468
10004436
10004437
10004516
10004435
10005505
10004453
10004431
10004438
10004460
10004619
10004428
10004427
10004424
10004421
10004429
10004420
10004401
10004814
10004459
10004705
10004432
10004620
10004375
10004329
10004319
10004314
10004312
10004294
10004357
10004274
10004278
10004276
10004269
10004313
10004283
10004295
10004271
10004339
10004266
10004249
10004253
10004235
10004242
10004858
10004221
10004208
10004204
10004197
10004198
10004201
10004186
10004173
10004178
10004179
10004206
10004285
10004184
10004181
10004169
10004180
10004153
10004170
10004141
10004142
10004161
10004263
10004121
10004100
10004110
10004108
10004251
10004119
10004096
10004074
10004075
10004094
10004064
10004111
10004065
10004048
10004112
10004044
10004040
10004095
10004034
10004031
10004036
10004030
10004022
10004038
10004019
10004020
10004007
10003996
10003997
10003998
10003985
10004068
10004051
10003982
10003980
10004032
10004099
10003977
10003972
10003879
10003887
10003897
10003801
10003768
10003655
10006935
10006833
10006837
10006900
10006829
10006835
10006908
10006790
10006793
10006791
10006798
10006855
10006794
10006850
10006764
10006809
10006806
10006792
10006772
10006827
10006752
10006753
10006818
10006778
10006761
10006739
10006738
10006839
10006730
10006775
10006744
10006721
10006725
10006746
10006726
10006743
10006777
10006755
10006754
10006737
10006758
10006731
10006713
10006723
10006810
10006814
10006796
10006707
10006706
10006711
10006856
10006785
10006716
10006899
10006732
10006762
10006909
10006756
10006840
10006811
10006688
10006804
10006718
10006698
10006715
10006702
10006690
10006693
10006695
10006741
10006719
10006704
10006687
10006853
10006852
10006830
10006667
10006668
10006676
10006734
10006898
10006665
10006684
10006644
10006658
10006720
10006874
10006689
10006641
10006653
10006633
10006631
10006629
10006619
10006786
10006630
10006803
10006659
10006601
10006685
10006637
10006638
10006686
10006612
10006595
10006765
10006591
10006590
10006583
10006593
10006656
10006576
10006581
10006699
10006564
10006639
10006610
10006589
10006615
10006871
10006616
10006567
10006849
10006678
10006587
10006571
10006582
10006579
10006862
10006602
10006618
10006578
10006548
10006538
10006891
10006572
10006575
10006550
10006606
10006603
10006549
10006611
10006540
10006530
10006535
10006534
10006651
10006649
10006648
10006604
10006536
10006597
10006650
10006521
10006647
10006512
10006509
10006519
10006696
10006498
10006497
10006490
10006496
10006447
10006449
10006439
10006429
10006426
10006428
10006453
10006379
10006377
10006361
10006389
10006424
10006341
10006347
10006349
10006419
10006346
10006381
10006360
10006315
10006322
10006340
10006817
10006294
10006305
10006312
10006331
10006301
10006300
10006313
10006384
10006282
10006279
10006281
10006284
10006264
10006283
10006925
10006362
10006259
10006375
10006257
10006260
10006363
10006245
10006232
10006249
10006233
10006436
10006224
10006225
10006229
10006243
10006256
10006299
10006231
10006246
10006272
10006922
10006255
10006213
10006240
10006241
10006209
10006214
10006320
10006273
10006219
10006216
10006277
10006350
10006210
10006391
10006396
10006202
10006261
10006204
10006215
10006198
10006228
10006193
10006234
10006187
10006254
10006373
10006177
10006192
10006195
10006167
10006208
10006298
10006181
10006380
10006179
10006400
10006851
10006162
10006297
10006161
10006142
10006435
10006145
10006150
10006134
10006149
10006146
10006144
10006133
10006135
10006129
10006335
10006109
10006107
10006452
10006110
10006105
10006374
10006106
10006200
10006155
10006156
10006321
10006147
10006190
10006108
10006247
10006101
10006103
10006098
10006097
10006095
10006079
10006127
10006066
10006059
10006060
10006411
10006071
10006057
10006051
10006087
10006055
10006049
10006455
10006050
10006063
10006067
10006068
10006099
10006061
10006041
10006020
10006018
10006025
10006119
10006054
10006085
10006414
10006007
10006015
10006017
10006062
10006009
10006271
10006084
10005981
10006047
10005982
10005998
10005973
10005974
10005993
10006014
10005975
10006008
10005935
10005950
10006406
10006352
10005918
10005873
10005859
10005853
10005854
10005852
10006342
10006258
10005952
10005970
10005917
10005916
10005971
10005883
10005862
10005856
10005849
10005846
10006329
10005851
10005840
10005880
10005843
10005842
10005826
10005825
10005949
10005804
10005799
10005801
10005788
10005793
10005790
10005772
10005774
10005756
10006401
10005752
10005755
10005745
10005729
10005730
10005721
10005722
10005704
10005706
10005707
10005689
10005670
10005676
10005773
10005669
10005705
10005703
10005668
10005667
10005644
10005948
10005628
10005637
10005629
10005620
10005797
10005619
10005639
10005693
10005627
10005775
10005600
10005605
10005608
10005593
10005586
10005587
10005631
10005666
10005563
10005561
10005573
10005553
10005555
10005554
10005632
10005551
10005546
10005536
10005548
10005577
10005531
10005522
10005508
10005520
10005512
10005521
10005504
10005496
10005581
10005497
10005500
10005576
10005638
10005470
10005471
10005412
10005361
10005291
10005211
10005189
10005178
10004894
10004782
10008198
10008193
10008313
10008095
10008123
10008092
10008232
10008101
10008119
10008061
10008086
10008060
10008286
10008094
10008361
10008064
10008051
10008047
10008050
10008159
10008074
10008103
10008029
10008030
10008031
10008032
10008034
10008027
10008039
10008249
10008018
10008017
10008040
10008054
10008045
10008022
10008009
10008046
10008033
10008013
10008008
10008007
10008014
10008003
10008176
10007999
10008075
10008015
10008005
10007994
10007990
10007993
10007967
10007991
10007989
10007966
10007970
10007965
10007948
10008004
10007992
10008117
10007941
10007936
10007943
10007957
10007938
10007944
10007945
10007953
10007955
10007911
10007917
10007887
10007896
10007876
10007891
10007897
10007893
10007843
10007858
10007790
10007757
10007741
10007778
10007768
10007740
10007726
10007733
10007783
10007739
10007710
10007707
10007777
10007697
10007690
10007743
10007664
10008250
10007666
10007662
10007689
10007659
10007731
10007676
10007678
10007647
10007665
10007644
10007624
10007654
10007627
10007656
10008191
10008178
10007808
10007699
10007615
10007617
10007658
10008037
10007744
10007613
10007614
10007610
10007607
10007620
10007645
10007621
10007585
10007592
10007578
10007652
10007827
10007632
10008102
10007655
10007598
10007574
10007575
10007573
10007826
10007576
10007572
10007599
10007661
10007569
10007649
10007568
10007567
10007558
10008175
10008348
10007530
10007581
10007612
10008347
10007521
10007507
10007539
10007517
10007508
10007495
10008685
10007566
10007497
10007866
10007481
10007510
10007486
10007484
10007531
10007523
10007479
10007582
10007509
10007518
10007474
10007467
10007475
10007493
10007469
10007446
10007441
10007462
10007709
10007438
10007434
10007545
10007427
10007448
10007430
10007465
10007424
10007437
10007499
10007478
10007463
10007425
10007399
10007435
10007406
10007494
10007398
10007436
10007564
10007470
10007480
10007485
10007392
10007420
10007405
10007383
10007428
10007422
10007378
10007372
10007374
10007355
10007349
10007347
10007519
10007346
10007688
10007528
10007333
10007327
10007544
10007320
10007361
10007244
10007332
10007311
10007600
10007440
10007821
10007270
10007543
10007286
10007255
10007250
10007252
10007256
10007259
10007247
10007299
10007232
10007249
10007236
10007211
10007221
10007201
10007423
10007198
10007178
10007177
10007151
10007187
10007170
10007142
10007144
10008207
10007129
10007147
10007148
10007153
10007182
10007166
10007861
10007123
10007113
10007126
10007099
10007203
10007079
10007152
10007073
10007072
10007071
10007067
10007055
10007167
10007047
10007045
10007044
10007041
10007040
10007042
10007103
10007021
10007846
10007059
10007035
10007017
10007014
10007023
10007020
10007016
10006995
10006989
10007005
10007008
10007009
10006965
10006961
10006967
10007003
10006956
10006953
10006960
10006941
10006951
10006993
10006928
10006957
10006927
10006936
10006930
10006931
10006917
10006912
10006870
10006868
10006836
10006789
10006773
10006740
10006708
10006742
10006672
10006645
10006664
10006766
10006588
10006592
10006605
10006541
10006376
10008767
10008765
10008761
10008773
10008757
10008870
10008756
10008741
10008742
10008769
10008734
10008712
10008709
10008749
10008707
10008690
10008670
10008666
10008743
10008615
10008582
10008581
10008571
10008573
10008580
10008561
10008549
10008536
10008534
10008525
10008513
10008510
10008509
10008503
10008506
10008543
10008501
10008502
10008489
10008479
10008481
10008461
10008463
10008477
10008455
10008456
10008453
10008458
10008459
10008437
10008542
10008432
10008434
10008430
10008427
10008417
10008433
10008404
10008429
10008422
10008439
10008483
10008401
10008400
10008386
10008392
10008393
10008381
10008451
10008382
10008362
10008350
10008371
10008358
10008364
10008342
10008338
10008335
10008337
10008360
10008330
10008328
10008332
10008314
10008310
10008311
10008327
10008309
10008357
10008299
10008307
10008303
10008354
10008297
10008298
10008290
10008291
10008276
10008280
10008353
10008260
10008265
10008266
10008108
10008100
10008124
10008019
10007956
10007922
